[[[1.08546519 -0.00142936816 -0.130046129 ... 1.12362313 1.22099805 1.07449484]
  [0.758843422 0.43283987 -0.016837 ... 0.0162626505 1.83484757 -0.0509933233]
  [0.826669872 0.547398388 0.139345586 ... 0.0162626505 1.83484757 -0.0509933233]
  ...
  [-1.37616813 0.247529343 0.242733657 ... 1.70415902 0.895388 -0.116350889]
  [-0.684790373 -0.503782511 -0.195509851 ... 1.70415843 0.895387471 -0.116351426]
  [0.247813672 -0.484556854 -1.08529449 ... 1.70415783 0.895386875 -0.116351962]]

 [[1.08546519 -0.00142936816 -0.130046129 ... 1.12362313 1.22099805 1.07449484]
  [0.758843422 0.43283987 -0.016837 ... 0.0162626505 1.83484757 -0.0509933233]
  [0.826669872 0.547398388 0.139345586 ... 0.0162626505 1.83484757 -0.0509933233]
  ...
  [-1.37616813 0.247529343 0.242733657 ... 1.70415902 0.895388 -0.116350889]
  [-0.684790373 -0.503782511 -0.195509851 ... 1.70415843 0.895387471 -0.116351426]
  [0.247813672 -0.484556854 -1.08529449 ... 1.70415783 0.895386875 -0.116351962]]

 [[1.08546519 -0.00142936816 -0.130046129 ... 1.12362313 1.22099805 1.07449484]
  [0.758843422 0.43283987 -0.016837 ... 0.0162626505 1.83484757 -0.0509933233]
  [0.826669872 0.547398388 0.139345586 ... 0.0162626505 1.83484757 -0.0509933233]
  ...
  [-1.37616813 0.247529343 0.242733657 ... 1.70415902 0.895388 -0.116350889]
  [-0.684790373 -0.503782511 -0.195509851 ... 1.70415843 0.895387471 -0.116351426]
  [0.247813672 -0.484556854 -1.08529449 ... 1.70415783 0.895386875 -0.116351962]]

 ...

 [[1.08546519 -0.00142936816 -0.130046129 ... 1.12362313 1.22099805 1.07449484]
  [0.758843422 0.43283987 -0.016837 ... 0.0162626505 1.83484757 -0.0509933233]
  [0.826669872 0.547398388 0.139345586 ... 0.0162626505 1.83484757 -0.0509933233]
  ...
  [-1.37616813 0.247529343 0.242733657 ... 1.70415902 0.895388 -0.116350889]
  [-0.684790373 -0.503782511 -0.195509851 ... 1.70415843 0.895387471 -0.116351426]
  [0.247813672 -0.484556854 -1.08529449 ... 1.70415783 0.895386875 -0.116351962]]

 [[1.08546519 -0.00142936816 -0.130046129 ... 1.12362313 1.22099805 1.07449484]
  [0.758843422 0.43283987 -0.016837 ... 0.0162626505 1.83484757 -0.0509933233]
  [0.826669872 0.547398388 0.139345586 ... 0.0162626505 1.83484757 -0.0509933233]
  ...
  [-1.37616813 0.247529343 0.242733657 ... 1.70415902 0.895388 -0.116350889]
  [-0.684790373 -0.503782511 -0.195509851 ... 1.70415843 0.895387471 -0.116351426]
  [0.247813672 -0.484556854 -1.08529449 ... 1.70415783 0.895386875 -0.116351962]]

 [[1.08546519 -0.00142936816 -0.130046129 ... 1.12362313 1.22099805 1.07449484]
  [0.758843422 0.43283987 -0.016837 ... 0.0162626505 1.83484757 -0.0509933233]
  [0.826669872 0.547398388 0.139345586 ... 0.0162626505 1.83484757 -0.0509933233]
  ...
  [-1.37616813 0.247529343 0.242733657 ... 1.70415902 0.895388 -0.116350889]
  [-0.684790373 -0.503782511 -0.195509851 ... 1.70415843 0.895387471 -0.116351426]
  [0.247813672 -0.484556854 -1.08529449 ... 1.70415783 0.895386875 -0.116351962]]]
