[[[0.918442786 0.398266226 -0.451813966 ... 1.63815475 0.31645447 1.59015405]
  [0.137633443 1.37681329 1.50362933 ... 1.64237607 2.10860968 0.777181149]
  [0.205459893 1.49137187 1.65981197 ... 1.64237607 2.10860968 0.777181149]
  ...
  [0.999060571 -0.61027509 -0.361350715 ... 0.328151 0.949114621 0.492876649]
  [0.220845342 -0.0152496696 0.318762481 ... 0.328150392 0.949114084 0.492876172]
  [-0.67098242 -0.261203587 1.19451523 ... 0.328149796 0.949113548 0.492875636]]

 [[0.918442786 0.398266226 -0.451813966 ... 1.63815475 0.31645447 1.59015405]
  [0.137633443 1.37681329 1.50362933 ... 1.64237607 2.10860968 0.777181149]
  [0.205459893 1.49137187 1.65981197 ... 1.64237607 2.10860968 0.777181149]
  ...
  [0.999060571 -0.61027509 -0.361350715 ... 0.328151 0.949114621 0.492876649]
  [0.220845342 -0.0152496696 0.318762481 ... 0.328150392 0.949114084 0.492876172]
  [-0.67098242 -0.261203587 1.19451523 ... 0.328149796 0.949113548 0.492875636]]

 [[0.918442786 0.398266226 -0.451813966 ... 1.63815475 0.31645447 1.59015405]
  [0.137633443 1.37681329 1.50362933 ... 1.64237607 2.10860968 0.777181149]
  [0.205459893 1.49137187 1.65981197 ... 1.64237607 2.10860968 0.777181149]
  ...
  [0.999060571 -0.61027509 -0.361350715 ... 0.328151 0.949114621 0.492876649]
  [0.220845342 -0.0152496696 0.318762481 ... 0.328150392 0.949114084 0.492876172]
  [-0.67098242 -0.261203587 1.19451523 ... 0.328149796 0.949113548 0.492875636]]

 ...

 [[0.918442786 0.398266226 -0.451813966 ... 1.63815475 0.31645447 1.59015405]
  [0.137633443 1.37681329 1.50362933 ... 1.64237607 2.10860968 0.777181149]
  [0.205459893 1.49137187 1.65981197 ... 1.64237607 2.10860968 0.777181149]
  ...
  [0.999060571 -0.61027509 -0.361350715 ... 0.328151 0.949114621 0.492876649]
  [0.220845342 -0.0152496696 0.318762481 ... 0.328150392 0.949114084 0.492876172]
  [-0.67098242 -0.261203587 1.19451523 ... 0.328149796 0.949113548 0.492875636]]

 [[0.918442786 0.398266226 -0.451813966 ... 1.63815475 0.31645447 1.59015405]
  [0.137633443 1.37681329 1.50362933 ... 1.64237607 2.10860968 0.777181149]
  [0.205459893 1.49137187 1.65981197 ... 1.64237607 2.10860968 0.777181149]
  ...
  [0.999060571 -0.61027509 -0.361350715 ... 0.328151 0.949114621 0.492876649]
  [0.220845342 -0.0152496696 0.318762481 ... 0.328150392 0.949114084 0.492876172]
  [-0.67098242 -0.261203587 1.19451523 ... 0.328149796 0.949113548 0.492875636]]

 [[0.918442786 0.398266226 -0.451813966 ... 1.63815475 0.31645447 1.59015405]
  [0.137633443 1.37681329 1.50362933 ... 1.64237607 2.10860968 0.777181149]
  [0.205459893 1.49137187 1.65981197 ... 1.64237607 2.10860968 0.777181149]
  ...
  [0.999060571 -0.61027509 -0.361350715 ... 0.328151 0.949114621 0.492876649]
  [0.220845342 -0.0152496696 0.318762481 ... 0.328150392 0.949114084 0.492876172]
  [-0.67098242 -0.261203587 1.19451523 ... 0.328149796 0.949113548 0.492875636]]]
